47.70
46.10
46.40
46.20
46.20
46.30
46.10
46.00
45.80
46.60
46.00
45.70
45.30
45.30
45.20
45.10
45.00
45.00
45.10
45.20
45.20
45.30
45.30
45.30
45.40
45.70
45.60
45.50
45.50
45.50
45.40
45.40
45.30
45.30
45.30
45.40
45.40
45.40
45.50
45.50
45.50
45.60
45.50
45.40
45.40
45.40
45.50
45.50
45.50
45.60
45.20
43.20
43.70
45.40
54.40
55.40
55.00
55.00
50.80
47.00
46.80
46.90
47.00
46.60
46.70
46.50
46.80
46.70
47.00
47.10
46.80
47.10
47.40
47.40
47.30
47.20
47.10
47.30
47.20
47.30
47.30
47.20
47.20
47.00
47.10
47.00
46.90
46.90
46.70
46.80
46.60
46.60
46.60
47.10
47.10
46.90
47.20
47.20
47.00
47.10
47.10
46.80
46.80
46.90
46.90
46.60
46.80
46.40
46.80
46.70
46.30
46.30
46.40
46.40
46.30
46.10
46.10
46.00
46.50
46.50
46.30
46.20
46.20
46.20
46.30
46.40
46.30
46.50
46.10
46.10
46.00
46.10
46.10
45.90
45.80
45.80
45.60
45.50
45.90
45.60
45.70
45.60
45.90
46.00
46.20
46.30
46.30
46.40
46.40
46.20
46.20
46.30
46.20
46.20
46.20
46.30
46.30
46.50
46.50
46.50
46.50
46.60
46.60
46.50
46.30
46.30
46.00
45.90
45.60
45.50
45.50
45.70
45.70
45.30
45.20
45.30
45.60
45.60
45.70
45.50
45.50
45.40
45.50
45.60
45.30
45.10
45.20
45.00
44.70
44.60
44.60
44.60
44.50
44.40
44.40
44.40
44.50
44.40
44.60
44.50
44.60
44.50
44.50
44.40
44.40
44.40
44.50
44.60
44.80
44.70
44.90
45.10
45.00
45.20
45.30
45.30
45.50
45.50
45.30
45.50
45.40
45.60
45.30
45.40
45.20
45.10
45.10
45.10
45.00
45.10
45.10
45.20
45.10
45.30
45.70
45.80
45.90
46.00
45.90
45.70
45.60
45.60
45.60
45.50
45.70
45.70
46.00
45.90
46.10
46.10
45.90
45.80
46.10
45.90
45.70
45.70
45.80
45.70
45.80
45.90
46.00
46.10
46.10
46.10
46.20
46.10
46.10
46.10
46.10
45.90
45.80
45.70
45.90
46.00
46.00
46.00
45.80
45.90
45.90
46.00
45.90
45.80
45.60
45.70
45.60
46.00
45.90
45.80
45.80
45.80
45.90
46.00
45.90
45.90
45.90
45.90
45.90
45.80
45.80
45.80
45.70
45.90
45.90
45.80
45.80
45.70
45.90
45.80
46.00
46.00
46.10
46.10
46.20
46.40
46.20
46.40
46.40
46.40
46.30
46.40
46.50
46.50
46.60
46.60
46.60
46.60
46.60
46.60
46.70
46.70
46.60
46.80
46.80
46.90
46.90
47.00
47.00
47.10
47.10
47.30
47.20
47.30
47.30
47.30
47.30
47.40
47.30
47.40
47.30
47.50
47.50
47.50
47.60
47.70
47.60
47.70
47.70
47.80
47.90
48.00
48.10
48.20
48.30
48.20
48.20
48.20
48.30
48.30
48.40
48.40
48.40
48.40
48.50
48.50
48.50
48.50
48.60
48.60
48.60
48.60
48.60
48.60
48.60
48.80
49.00
48.80
48.80
48.70
48.90
48.90
49.00
49.10
49.20
49.30
49.30
49.30
49.30
49.40
49.50
49.60
49.70
49.70
49.60
49.50
49.70
49.80
49.80
50.00
50.00
49.90
50.00
49.80
50.00
50.00
50.00
49.80
49.90
49.90
49.80
49.90
49.80
49.90
49.90
50.00
50.00
49.90
50.00
50.10
50.20
50.50
50.30
50.20
50.20
50.40
50.40
50.60
50.70
50.70
50.60
50.50
50.50
50.50
50.60
50.40
50.40
50.30
50.40
50.30
50.20
50.30
50.20
50.50
50.60
50.50
50.40
50.60
50.40
50.40
50.40
50.70
50.70
50.50
50.30
50.40
50.40
50.50
50.60
50.70
50.80
50.70
50.70
50.60
50.50
50.50
50.40
50.50
50.50
50.50
50.40
50.40
50.40
50.40
50.30
50.40
50.50
50.50
50.50
50.40
50.40
50.40
50.50
50.50
50.40
50.40
50.50
50.50
50.50
50.40
50.30
54.30
54.40
54.50
54.70
54.70
4.40
54.50
54.50
54.40
54.60
54.50
54.50
54.50
54.30
55.10
55.10
54.90
54.90
54.20
54.40
54.40
54.60
54.50
54.60
54.60
54.70
54.30
54.40
54.20
54.20
54.40
54.40
54.30
54.40
54.10
54.30
54.30
54.50
53.90
54.70
54.30
54.10
54.40
54.60
55.00
54.70
54.30
54.30
54.00
54.10
54.00
54.10
54.10
53.60
53.80
54.10
54.00
53.90
54.40
54.10
54.10
54.40
54.20
54.10
54.20
54.50
54.60
54.70
54.90
54.90
55.00
54.90
54.80
55.10
55.00
54.80
54.80
55.30
55.10
55.30
55.20
54.80
54.60
54.50
54.50
54.70
54.70
54.80
54.90
55.00
54.50
54.70
54.60
54.70
54.20
54.40
54.50
54.60
54.70
54.70
54.50
54.00
54.40
54.20
54.30
54.50
54.50
54.60
54.70
54.70
54.60
54.40
54.20
54.00
54.00
54.00
53.70
54.00
54.00
54.00
53.80
54.00
53.80
53.80
53.80
53.50
53.20
53.50
53.20
53.20
53.30
53.10
53.00
53.00
53.10
53.30
53.50
53.60
53.40
54.10
54.20
54.10
54.00
53.80
53.60
53.50
53.30
53.20
53.00
52.90
53.60
54.00
54.40
55.30
55.70
57.10
56.80
58.30
57.80
58.40
57.00
56.40
57.20
56.50
57.50
56.50
57.30
58.10
57.40
56.80
56.90
57.10
56.80
56.60
57.70
57.90
57.00
57.30
57.70
55.00
57.30
56.90
56.60
56.50
57.30
56.90
56.60
57.10
57.00
55.80
56.70
55.90
56.30
56.60
56.60
56.50
56.10
56.20
55.90
56.00
56.80
56.50
56.60
56.30
56.70
57.00
56.90
57.20
57.40
57.70
57.90
57.30
55.90
57.10
57.40
56.10
56.80
57.30
57.60
57.40
57.80
57.70
57.30
57.50
57.70
57.60
57.30
57.50
57.00
57.90
57.20
58.10
58.10
56.80
57.70
57.90
57.90
56.80
56.70
58.10
57.80
58.30
56.60
56.80
57.20
57.30
57.30
56.80
57.50
56.80
57.50
57.50
58.00
58.30
58.30
57.20
57.60
57.50
58.20
58.60
58.40
57.60
58.40
57.70
58.30
57.90
57.30
57.80
57.60
57.20
57.60
57.70
57.20
57.50
57.10
57.10
56.80
56.80
57.40
58.00
57.90
58.00
57.80
57.70
57.60
57.20
56.50
56.30
56.50
55.80
56.90
57.30
56.90
57.40
57.60
57.60
57.00
56.60
57.10
56.50
57.70
57.20
57.00
57.40
56.80
56.80
57.00
57.30
56.30
56.30
56.70
56.90
56.90
55.90
56.10
56.50
57.20
56.50
57.50
56.70
56.90
56.70
57.00
56.70
56.20
56.20
57.40
56.60
56.70
57.60
57.40
57.30
57.30
57.60
57.40
57.70
56.30
56.80
56.60
57.60
57.30
57.20
57.20
57.00
57.20
57.80
57.50
58.30
57.40
57.50
56.80
57.90
57.80
58.00
57.40
57.90
57.70
57.50
56.70
57.00
56.30
55.00
56.60
56.10
56.10
56.10
57.10
57.10
56.50
55.70
56.40
56.20
56.50
56.80
56.30
55.80
56.50
56.80
56.50
55.90
56.10
56.70
56.40
56.20
56.30
56.90
57.00
56.80
57.10
56.40
56.50
56.00
56.10
55.90
56.20
56.10
56.30
56.20
55.80
56.10
56.40
56.20
56.00
56.70
56.20
55.80
56.10
56.00
56.40
56.10
56.10
55.00
55.30
55.40
55.70
55.20
55.90
56.00
56.10
55.80
55.30
55.50
55.20
55.70
55.50
55.50
55.30
55.20
55.60
55.80
55.40
54.90
54.50
54.50
54.30
54.30
54.10
54.80
55.10
54.60
55.20
55.60
55.50
54.70
55.20
54.00
55.20
55.60
55.20
55.30
55.10
55.10
55.10
55.30
54.40
54.70
54.90
54.90
55.00
55.00
54.80
54.80
55.20
54.90
55.20
54.20
54.60
54.20
54.10
54.10
54.50
54.70
54.30
54.20
54.10
53.90
53.50
53.80
54.00
54.20
54.10
53.90
54.40
54.60
54.40
54.60
54.00
54.00
54.70
54.40
54.80
54.50
54.40
54.30
54.50
54.20
54.10
54.00
54.00
54.40
54.20
53.80
54.30
54.20
54.00
53.70
53.70
54.20
54.00
53.70
53.90
54.10
54.00
53.90
53.60
53.50
53.80
53.60
53.00
53.50
53.40
52.90
53.60
53.30
53.50
53.30
53.50
53.60
53.60
53.50
53.50
53.50
53.40
53.50
53.40
53.60
53.50
53.50
53.40
53.40
53.40
53.30
53.60
53.60
53.40
53.50
53.40
53.30
53.40
53.10
53.40
53.20
53.40
53.50
53.20
53.50
53.30
53.40
53.50
53.80
53.60
53.60
53.60
53.50
53.50
53.30
53.30
53.10
53.40
53.30
53.30
53.30
53.20
53.40
53.40
53.20
53.40
53.50
53.50
53.70
53.60
53.80
53.90
53.90
54.00
54.20
54.20
54.10
54.20
54.20
54.20
54.20
54.10
54.10
53.60
53.70
53.80
53.80
53.70
53.60
53.70
53.70
53.80
53.80
54.00
53.90
54.00
53.90
53.90
54.40
54.90
55.00
54.70
54.80
54.50
54.50
54.50
54.50
54.40
54.60
54.50
54.90
55.00
54.80
54.80
54.80
54.70
54.70
54.40
54.50
54.50
54.50
54.80
54.50
54.60
54.60
54.70
54.50
54.80
54.80
54.80
54.80
54.80
54.70
54.70
54.60
54.80
54.90
54.90
54.90
54.70
54.70
54.70
54.80
54.90
54.70
55.10
55.40
55.40
55.40
55.20
55.20
55.10
55.40
55.50
55.40
55.20
55.50
55.40
55.30
55.40
55.40
55.30
55.50
55.40
55.30
55.20
55.40
55.30
55.30
55.30
55.50
55.40
52.10
49.60
49.50
49.40
49.50
49.50
49.40
49.60
49.30
49.10
49.10
49.10
49.20
49.10
49.20
49.00
48.90
48.90
48.90
48.90
49.20
49.20
49.00
49.00
49.20
49.10
49.10
49.00
49.20
49.10
49.20
49.00
49.00
49.00
49.00
49.10
49.00
49.10
49.10
49.00
48.90
48.90
48.90
49.00
49.00
48.90
48.90
48.90
48.80
48.70
48.60
48.70
48.70
48.70
48.70
48.70
48.70
48.70
48.80
48.80
48.80
49.00
49.00
49.00
49.00
49.20
49.20
49.30
49.30
49.40
49.40
49.40
49.50
49.60
49.70
49.70
49.70
49.70
49.70
49.90
50.10
50.00
50.10
50.10
50.40
50.40
50.40
50.50
50.40
50.30
50.50
50.20
50.40
50.20
50.30
50.30
50.30
50.40
50.40
50.40
50.30
50.10
50.10
50.00
50.00
50.00
49.90
50.00
50.10
50.00
50.00
49.90
50.10
49.90
49.80
49.90
49.90
49.80
49.90
49.90
49.80
49.80
49.90
49.90
49.90
49.80
49.90
49.90
50.00
50.00
50.00
49.90
49.90
49.90
49.90
49.90
49.70
49.90
49.80
49.90
49.80
49.80
49.70
49.60
49.70
49.60
49.70
49.60
49.40
49.20
49.20
49.30
49.30
49.30
49.30
49.40
49.50
49.40
49.40
49.60
49.60
49.60
49.60
49.60
49.70
49.80
49.70
49.50
49.40
49.50
49.70
49.60
49.60
49.40
49.50
49.30
49.10
49.10
48.80
48.80
48.80
48.70
48.80
48.90
48.80
48.80
48.90
48.80
49.00
49.00
49.00
49.00
49.00
48.90
48.90
49.00
48.70
48.90
49.20
49.20
49.40
49.50
49.80
49.70
49.50
49.20
49.20
49.10
49.40
49.40
49.50
49.60
49.40
49.40
49.40
49.50
49.50
49.50
49.60
49.50
49.70
49.70
49.60
49.60
49.70
49.60
49.70
49.50
49.50
49.60
49.70
49.60
49.60
49.60
49.80
49.90
49.90
49.90
49.70
49.70
49.70
49.70
49.60
49.60
49.60
49.60
49.60
49.60
49.50
49.60
49.50
49.60
49.50
49.60
49.60
49.60
49.70
49.70
49.70
49.70
49.70
49.70
49.80
49.80
49.90
49.80
49.80
49.80
49.90
49.90
49.90
49.90
49.80
49.80
49.90
49.90
49.70
49.70
49.70
49.60
49.70
49.60
49.50
49.70
49.60
49.80
49.50
49.60
49.50
49.40
49.60
49.60
49.80
49.70
49.60
49.50
49.60
49.60
49.70
49.60
49.70
49.60
49.70
49.60
49.60
49.60
49.70
49.20
49.20
49.20
49.00
48.80
48.80
48.90
48.90
48.90
48.80
48.90
48.80
48.60
48.60
48.60
48.50
48.40
48.60
48.80
48.90
48.80
48.80
49.00
49.00
49.30
49.50
49.50
50.40
50.90
53.10
52.00
53.30
52.60
55.10
53.50
